3,1
3,3
10,84
10,130
10,214
10,114
10,68
11,12
11,6
9,7
8,16
8,11
8,13
8,15
8,18
8,5
20,2
20,1
20,3
12,3
19,2
12,2
19,1
12,1
11,29
11,28
11,27
11,26
11,25
11,24
11,23
19,3
11,22
11,21
11,20
11,18
11,16
11,14
11,8
11,3
11,2
11,1
10,313
10,312
10,311
10,310
10,309
10,308
10,307
10,306
10,305
10,304
10,303
10,302
10,301
10,300
10,299
10,298
10,297
10,296
10,295
10,294
10,293
10,292
10,291
10,290
10,289
10,288
10,287
10,286
10,285
10,284
10,283
10,282
10,281
10,280
10,279
10,278
10,277
10,276
10,275
